SCMBranch=ats
SCMRepository=ats/Code/anywheretogether/applications/filestogether/snipear/code/pear/DB
sybase.php;207182032;2;1213267938;
storage.php;2934053441;2;1213267939;
sqlite.php;1676970200;2;1213267939;
pgsql.php;170297097;2;1213267940;
odbc.php;1852623996;2;1213267941;
oci8.php;572070231;2;1213267942;
mysqli.php;40243859;2;1213267943;
mysql.php;710536177;4;1213267944;
mssql.php;3899170866;2;1213267945;
msql.php;3411696302;2;1213267945;
ifx.php;1339357230;2;1213267946;
ibase.php;168178792;2;1213267947;
fbsql.php;2811915461;2;1213267947;
dbase.php;1332436114;2;1213267948;
common.php;3572698819;3;1213267949;
